2016_1_21-4.29.26 gslrtkin coefficients 

C,0,0,0,=,1.557339 
C,1,0,0,=,0.177056 
C,1,1,0,=,0.000000 
C,1,1,1,=,0.000000 
C,2,0,0,=,-0.231719 
C,2,1,0,=,0.000000 
C,2,1,1,=,-0.000000 
C,2,2,0,=,-0.000000 
C,2,2,1,=,-0.000000 
2016_1_24-5.6.49 w swipe 
from wf=0.004333 to wf=0.003800 , steps=5.000000 . m= 0.020000
wfn= [0.0043333333333333314, 0.0041999999999999989, 0.0040666666666666663, 0.003933333333333333, 0.0038]
strobo_map= [[0, 433.33333333333314, 433.33333333333314, 433.33333333333314, 433.33333333333314, 433.33333333333314, 433.33333333333314, 433.33333333333314, 433.33333333333314, 433.33333333333314, 433.33333333333314, 433.33333333333314, 433.33333333333314, 433.33333333333314, 433.33333333333314, 433.33333333333314, 433.33333333333314, 433.33333333333314, 433.33333333333314, 433.33333333333314, 433.33333333333314, 433.33333333333314, 433.33333333333314, 433.33333333333314, 433.33333333333314, 433.33333333333314, 433.33333333333314, 433.33333333333314, 433.33333333333314, 433.33333333333314, 433.33333333333314, 433.33333333333314, 433.33333333333314, 433.33333333333314, 433.33333333333314, 433.33333333333314, 433.33333333333314, 433.33333333333314, 433.33333333333314, 433.33333333333314, 433.33333333333314, 433.33333333333314, 433.33333333333314, 433.33333333333314, 433.33333333333314, 433.33333333333314, 433.33333333333314, 433.33333333333314, 433.33333333333314, 433.33333333333314, 433.33333333333314, 433.33333333333314, 433.33333333333314, 433.33333333333314, 433.33333333333314, 433.33333333333314, 433.33333333333314, 433.33333333333314, 433.33333333333314, 433.33333333333314, 433.33333333333314, 433.33333333333314, 433.33333333333314, 433.33333333333314, 433.33333333333314, 433.33333333333314, 433.33333333333314, 433.33333333333314, 433.33333333333314, 433.33333333333314, 433.33333333333314, 433.33333333333314, 433.33333333333314, 433.33333333333314, 433.33333333333314, 433.33333333333314, 433.33333333333314, 433.33333333333314, 433.33333333333314, 433.33333333333314, 433.33333333333314, 433.33333333333314, 433.33333333333314, 433.33333333333314, 433.33333333333314, 433.33333333333314, 433.33333333333314, 433.33333333333314, 433.33333333333314, 433.33333333333314, 433.33333333333314, 433.33333333333314, 433.33333333333314, 433.33333333333314, 433.33333333333314, 433.33333333333314, 433.33333333333314, 433.33333333333314, 433.33333333333314, 433.33333333333314, 433.33333333333314, 433.33333333333314, 433.33333333333314, 433.33333333333314, 433.33333333333314, 433.33333333333314, 433.33333333333314, 433.33333333333314, 433.33333333333314, 433.33333333333314, 433.33333333333314, 433.33333333333314, 433.33333333333314, 433.33333333333314, 433.33333333333314, 433.33333333333314, 433.33333333333314, 433.33333333333314, 433.33333333333314, 433.33333333333314, 433.33333333333314, 433.33333333333314, 433.33333333333314, 433.33333333333314, 433.33333333333314, 433.33333333333314, 433.33333333333314, 433.33333333333314, 433.33333333333314, 433.33333333333314, 433.33333333333314, 433.33333333333314, 433.33333333333314, 433.33333333333314, 433.33333333333314, 433.33333333333314, 433.33333333333314, 433.33333333333314, 433.33333333333314, 433.33333333333314, 433.33333333333314, 433.33333333333314, 433.33333333333314, 433.33333333333314, 433.33333333333314, 433.33333333333314, 433.33333333333314, 433.33333333333314, 433.33333333333314, 433.33333333333314, 433.33333333333314, 433.33333333333314, 433.33333333333314, 433.33333333333314, 433.33333333333314, 433.33333333333314, 433.33333333333314, 433.33333333333314, 433.33333333333314, 433.33333333333314, 433.33333333333314, 433.33333333333314, 433.33333333333314, 433.33333333333314, 433.33333333333314, 433.33333333333314, 433.33333333333314, 433.33333333333314, 433.33333333333314, 433.33333333333314, 433.33333333333314, 433.33333333333314, 433.33333333333314, 433.33333333333314, 419.99999999999989, 419.99999999999989, 419.99999999999989, 419.99999999999989, 419.99999999999989, 419.99999999999989, 419.99999999999989, 419.99999999999989, 419.99999999999989, 419.99999999999989, 419.99999999999989, 419.99999999999989, 419.99999999999989, 419.99999999999989, 419.99999999999989, 419.99999999999989, 419.99999999999989, 419.99999999999989, 419.99999999999989, 419.99999999999989, 419.99999999999989, 419.99999999999989, 419.99999999999989, 419.99999999999989, 419.99999999999989, 419.99999999999989, 419.99999999999989, 419.99999999999989, 419.99999999999989, 419.99999999999989, 419.99999999999989, 419.99999999999989, 419.99999999999989, 419.99999999999989, 419.99999999999989, 419.99999999999989, 419.99999999999989, 419.99999999999989, 419.99999999999989, 419.99999999999989, 419.99999999999989, 419.99999999999989, 419.99999999999989, 419.99999999999989, 419.99999999999989, 419.99999999999989, 419.99999999999989, 419.99999999999989, 419.99999999999989, 419.99999999999989, 419.99999999999989, 419.99999999999989, 419.99999999999989, 419.99999999999989, 419.99999999999989, 419.99999999999989, 419.99999999999989, 419.99999999999989, 419.99999999999989, 419.99999999999989, 419.99999999999989, 419.99999999999989, 419.99999999999989, 419.99999999999989, 419.99999999999989, 419.99999999999989, 419.99999999999989, 419.99999999999989, 419.99999999999989, 419.99999999999989, 419.99999999999989, 419.99999999999989, 419.99999999999989, 419.99999999999989, 419.99999999999989, 419.99999999999989, 419.99999999999989, 419.99999999999989, 419.99999999999989, 419.99999999999989, 419.99999999999989, 419.99999999999989, 419.99999999999989, 419.99999999999989, 419.99999999999989, 419.99999999999989, 419.99999999999989, 419.99999999999989, 419.99999999999989, 419.99999999999989, 419.99999999999989, 419.99999999999989, 419.99999999999989, 419.99999999999989, 419.99999999999989, 419.99999999999989, 419.99999999999989, 419.99999999999989, 419.99999999999989, 419.99999999999989, 419.99999999999989, 419.99999999999989, 419.99999999999989, 419.99999999999989, 419.99999999999989, 419.99999999999989, 419.99999999999989, 419.99999999999989, 419.99999999999989, 419.99999999999989, 419.99999999999989, 419.99999999999989, 419.99999999999989, 419.99999999999989, 419.99999999999989, 419.99999999999989, 419.99999999999989, 419.99999999999989, 419.99999999999989, 419.99999999999989, 419.99999999999989, 419.99999999999989, 419.99999999999989, 419.99999999999989, 419.99999999999989, 419.99999999999989, 419.99999999999989, 419.99999999999989, 419.99999999999989, 419.99999999999989, 419.99999999999989, 419.99999999999989, 419.99999999999989, 419.99999999999989, 419.99999999999989, 419.99999999999989, 419.99999999999989, 419.99999999999989, 419.99999999999989, 419.99999999999989, 419.99999999999989, 419.99999999999989, 419.99999999999989, 419.99999999999989, 419.99999999999989, 419.99999999999989, 419.99999999999989, 419.99999999999989, 419.99999999999989, 419.99999999999989, 419.99999999999989, 419.99999999999989, 419.99999999999989, 419.99999999999989, 419.99999999999989, 419.99999999999989, 419.99999999999989, 419.99999999999989, 419.99999999999989, 419.99999999999989, 419.99999999999989, 419.99999999999989, 419.99999999999989, 419.99999999999989, 419.99999999999989, 419.99999999999989, 419.99999999999989, 406.66666666666663, 406.66666666666663, 406.66666666666663, 406.66666666666663, 406.66666666666663, 406.66666666666663, 406.66666666666663, 406.66666666666663, 406.66666666666663, 406.66666666666663, 406.66666666666663, 406.66666666666663, 406.66666666666663, 406.66666666666663, 406.66666666666663, 406.66666666666663, 406.66666666666663, 406.66666666666663, 406.66666666666663, 406.66666666666663, 406.66666666666663, 406.66666666666663, 406.66666666666663, 406.66666666666663, 406.66666666666663, 406.66666666666663, 406.66666666666663, 406.66666666666663, 406.66666666666663, 406.66666666666663, 406.66666666666663, 406.66666666666663, 406.66666666666663, 406.66666666666663, 406.66666666666663, 406.66666666666663, 406.66666666666663, 406.66666666666663, 406.66666666666663, 406.66666666666663, 406.66666666666663, 406.66666666666663, 406.66666666666663, 406.66666666666663, 406.66666666666663, 406.66666666666663, 406.66666666666663, 406.66666666666663, 406.66666666666663, 406.66666666666663, 406.66666666666663, 406.66666666666663, 406.66666666666663, 406.66666666666663, 406.66666666666663, 406.66666666666663, 406.66666666666663, 406.66666666666663, 406.66666666666663, 406.66666666666663, 406.66666666666663, 406.66666666666663, 406.66666666666663, 406.66666666666663, 406.66666666666663, 406.66666666666663, 406.66666666666663, 406.66666666666663, 406.66666666666663, 406.66666666666663, 406.66666666666663, 406.66666666666663, 406.66666666666663, 406.66666666666663, 406.66666666666663, 406.66666666666663, 406.66666666666663, 406.66666666666663, 406.66666666666663, 406.66666666666663, 406.66666666666663, 406.66666666666663, 406.66666666666663, 406.66666666666663, 406.66666666666663, 406.66666666666663, 406.66666666666663, 406.66666666666663, 406.66666666666663, 406.66666666666663, 406.66666666666663, 406.66666666666663, 406.66666666666663, 406.66666666666663, 406.66666666666663, 406.66666666666663, 406.66666666666663, 406.66666666666663, 406.66666666666663, 406.66666666666663, 406.66666666666663, 406.66666666666663, 406.66666666666663, 406.66666666666663, 406.66666666666663, 406.66666666666663, 406.66666666666663, 406.66666666666663, 406.66666666666663, 406.66666666666663, 406.66666666666663, 406.66666666666663, 406.66666666666663, 406.66666666666663, 406.66666666666663, 406.66666666666663, 406.66666666666663, 406.66666666666663, 406.66666666666663, 406.66666666666663, 406.66666666666663, 406.66666666666663, 406.66666666666663, 406.66666666666663, 406.66666666666663, 406.66666666666663, 406.66666666666663, 406.66666666666663, 406.66666666666663, 406.66666666666663, 406.66666666666663, 406.66666666666663, 406.66666666666663, 406.66666666666663, 406.66666666666663, 406.66666666666663, 406.66666666666663, 406.66666666666663, 406.66666666666663, 406.66666666666663, 406.66666666666663, 406.66666666666663, 406.66666666666663, 406.66666666666663, 406.66666666666663, 406.66666666666663, 406.66666666666663, 406.66666666666663, 406.66666666666663, 406.66666666666663, 406.66666666666663, 406.66666666666663, 406.66666666666663, 406.66666666666663, 406.66666666666663, 406.66666666666663, 406.66666666666663, 406.66666666666663, 406.66666666666663, 406.66666666666663, 406.66666666666663, 406.66666666666663, 393.33333333333331, 393.33333333333331, 393.33333333333331, 393.33333333333331, 393.33333333333331, 393.33333333333331, 393.33333333333331, 393.33333333333331, 393.33333333333331, 393.33333333333331, 393.33333333333331, 393.33333333333331, 393.33333333333331, 393.33333333333331, 393.33333333333331, 393.33333333333331, 393.33333333333331, 393.33333333333331, 393.33333333333331, 393.33333333333331, 393.33333333333331, 393.33333333333331, 393.33333333333331, 393.33333333333331, 393.33333333333331, 393.33333333333331, 393.33333333333331, 393.33333333333331, 393.33333333333331, 393.33333333333331, 393.33333333333331, 393.33333333333331, 393.33333333333331, 393.33333333333331, 393.33333333333331, 393.33333333333331, 393.33333333333331, 393.33333333333331, 393.33333333333331, 393.33333333333331, 393.33333333333331, 393.33333333333331, 393.33333333333331, 393.33333333333331, 393.33333333333331, 393.33333333333331, 393.33333333333331, 393.33333333333331, 393.33333333333331, 393.33333333333331, 393.33333333333331, 393.33333333333331, 393.33333333333331, 393.33333333333331, 393.33333333333331, 393.33333333333331, 393.33333333333331, 393.33333333333331, 393.33333333333331, 393.33333333333331, 393.33333333333331, 393.33333333333331, 393.33333333333331, 393.33333333333331, 393.33333333333331, 393.33333333333331, 393.33333333333331, 393.33333333333331, 393.33333333333331, 393.33333333333331, 393.33333333333331, 393.33333333333331, 393.33333333333331, 393.33333333333331, 393.33333333333331, 393.33333333333331, 393.33333333333331, 393.33333333333331, 393.33333333333331, 393.33333333333331, 393.33333333333331, 393.33333333333331, 393.33333333333331, 393.33333333333331, 393.33333333333331, 393.33333333333331, 393.33333333333331, 393.33333333333331, 393.33333333333331, 393.33333333333331, 393.33333333333331, 393.33333333333331, 393.33333333333331, 393.33333333333331, 393.33333333333331, 393.33333333333331, 393.33333333333331, 393.33333333333331, 393.33333333333331, 393.33333333333331, 393.33333333333331, 393.33333333333331, 393.33333333333331, 393.33333333333331, 393.33333333333331, 393.33333333333331, 393.33333333333331, 393.33333333333331, 393.33333333333331, 393.33333333333331, 393.33333333333331, 393.33333333333331, 393.33333333333331, 393.33333333333331, 393.33333333333331, 393.33333333333331, 393.33333333333331, 393.33333333333331, 393.33333333333331, 393.33333333333331, 393.33333333333331, 393.33333333333331, 393.33333333333331, 393.33333333333331, 393.33333333333331, 393.33333333333331, 393.33333333333331, 393.33333333333331, 393.33333333333331, 393.33333333333331, 393.33333333333331, 393.33333333333331, 393.33333333333331, 393.33333333333331, 393.33333333333331, 393.33333333333331, 393.33333333333331, 393.33333333333331, 393.33333333333331, 393.33333333333331, 393.33333333333331, 393.33333333333331, 393.33333333333331, 393.33333333333331, 393.33333333333331, 393.33333333333331, 393.33333333333331, 393.33333333333331, 393.33333333333331, 393.33333333333331, 393.33333333333331, 393.33333333333331, 393.33333333333331, 393.33333333333331, 393.33333333333331, 393.33333333333331, 380.0, 380.0, 380.0, 380.0, 380.0, 380.0, 380.0, 380.0, 380.0, 380.0, 380.0, 380.0, 380.0, 380.0, 380.0, 380.0, 380.0, 380.0, 380.0, 380.0, 380.0, 380.0, 380.0, 380.0, 380.0, 380.0, 380.0, 380.0, 380.0, 380.0, 380.0, 380.0, 380.0, 380.0, 380.0, 380.0, 380.0, 380.0, 380.0, 380.0, 380.0, 380.0, 380.0, 380.0, 380.0, 380.0, 380.0, 380.0, 380.0, 380.0, 380.0, 380.0, 380.0, 380.0, 380.0, 380.0, 380.0, 380.0, 380.0, 380.0, 380.0, 380.0, 380.0, 380.0, 380.0, 380.0, 380.0, 380.0, 380.0, 380.0, 380.0, 380.0, 380.0, 380.0, 380.0, 380.0, 380.0, 380.0, 380.0, 380.0, 380.0, 380.0, 380.0, 380.0, 380.0, 380.0, 380.0, 380.0, 380.0, 380.0, 380.0, 380.0, 380.0, 380.0, 380.0, 380.0, 380.0, 380.0, 380.0, 380.0, 380.0, 380.0, 380.0, 380.0, 380.0, 380.0, 380.0, 380.0, 380.0, 380.0, 380.0, 380.0, 380.0, 380.0, 380.0, 380.0, 380.0, 380.0, 380.0, 380.0, 380.0, 380.0, 380.0, 380.0, 380.0, 380.0, 380.0, 380.0, 380.0, 380.0, 380.0, 380.0, 380.0, 380.0, 380.0, 380.0, 380.0, 380.0, 380.0, 380.0, 380.0, 380.0, 380.0, 380.0, 380.0, 380.0, 380.0, 380.0, 380.0, 380.0, 380.0], [0, 0.23776167640812604, 0.35926354028541579, 0.36586356402589149, 0.36567724045770378, 0.21811109949214424, 0.37570739175605, 0.36341224201119848, 0.20833504460927033, 0.36275125095351546, 0.20980751860916852, 0.21048850201945868, 0.36012018611179308, 0.36003528208795671, 0.37284697100922026, 0.23708647994791293, 0.38365269754405223, 0.21671788984853307, 0.22414029229582644, 0.37361861490193771, 0.23081172135725736, 0.35956133691434705, 0.22313601423518947, 0.20706725781909555, 0.36307622418410396, 0.21345896254146013, 0.5784704983771245, 0.22856117069330942, 0.36411811498509772, 0.20787162391572514, 0.22729236715140747, 0.35971558375990031, 0.21963495894898316, 0.21627564165714022, 0.36945917098421588, 0.35911955357647701, 0.37731732859247574, 0.32008256561200016, 0.00019907626397879655, 0.35844348252862107, 0.074158375975123786, 0.23186233827045463, 0.23349971731900593, 0.36191549261451955, 0.36052920807752264, 0.24233658330235255, 0.056209358675293537, 0.22220225444513506, 0.44473376552540711, 0.0015633642795272918, 0.20884473488559632, 1.3950427205040762e-05, 0.37998666827112043, 0.23570199231581632, 0.20940591349509927, 0.37001779688051034, 0.36731293893454142, 0.007412497438662906, 0.20550824789116787, 0.36037162176110549, 0.37615683946665068, 0.35897866171418807, 0.36633149102482365, 0.20725430743619072, 0.37187198372395897, 0.20677803315556026, 0.25512269857046782, 0.15951289656742479, 0.2056110099561797, 0.36653629885034827, 0.36032168053084179, 0.21397020432316841, 0.35992435707170845, 0.37243060426949692, 0.2371441334110701, 0.36183824834191675, 0.38307659094160951, 0.20583065492564603, 0.36610011599129516, 0.36487249937170235, 0.2487582197570076, 0.36213259828230793, 0.29282336404349457, 0.20745035553188601, 0.36432736257940479, 0.37070434469087815, 0.20671865082155205, 0.36166613860563696, 0.30043321444583143, 0.3611903748959408, 0.21085439603324624, 0.21565821660180051, 0.20607110758453806, 0.20522585468774365, 0.051175096373211541, 0.36782223198618341, 0.21885487571081064, 0.21123817716342769, 0.37438780460126825, 0.20633444418453192, 0.36526817563255404, 0.35936887149840607, 0.077779280049909, 0.3706137616310779, 0.20619968877382713, 0.22517851419885535, 0.048249894020850968, 0.35941069484666749, 0.085454868783320495, 0.37125582514742544, 0.20858374765899368, 0.36448914901229229, 0.20688889274743261, 5.6793761855464813e-05, 0.20765600243492058, 0.22988838571588668, 0.37307210170352861, 0.24855432669949928, 0.21450612190099469, 0.32620175380862526, 0.20540998278418368, 0.36835177580322626, 0.22045783130516994, 0.20647556249273025, 0.36155327187331837, 0.21250651314005742, 0.37777277107239721, 0.35857328289573687, 0.21013985352432207, 0.21164091093800594, 0.36020137096812205, 0.3597340257554697, 0.36074306037282061, 0.0036392749646994862, 0.21739838961023411, 0.39355525335802549, 0.20911858964731181, 0.36217281290559983, 0.37557730604304396, 0.24375514766968603, 0.35870573110416815, 0.38666007130405855, 0.051874097753245738, 0.21206341818019406, 0.13058424767607812, 0.35987346923873803, 0.36375943393367627, 0.21759502851721355, 0.20594818851329444, 0.20662322792215534, 0.23968844595654651, 0.37400848045960233, 0.212971201072709, 0.37354634337911491, 0.36243851683362288, 0.38710914238265443, 0.35954894189444953, 0.36096308915080078, 0.35884080637815507, 0.48079560569625002, 0.36049328782813178, 0.18128042767332286, 0.36243687798497004, 0.36681579296301159, 0.20571839234383268, 0.36890303143242753, 0.23419147267865692, 0.22620415234416538, 0.20809757267271348, 0.21506863460314118, 0.36142455843338955, 0.22131639453282795, 0.20970737815124221, 0.20531593421372388, 0.33827171749181123, 0.17743796179230428, 0.20131343703768348, 0.17781287537961249, 0.17743057162202236, 0.073064924083176663, 0.17761236601389485, 0.33803544518579193, 0.33830452411418394, 0.17788750182362334, 0.177559259564776, 0.33832157311499139, 0.34015835023692204, 0.3388749970631964, 0.17749739075130205, 0.1041150196060627, 0.17757904926985799, 0.17825001953049427, 0.33910228015474297, 0.17793793159831472, 0.32183708228695795, 0.1791126208441027, 0.33833934441224178, 0.35926010008664216, 0.33804668801951843, 0.3389198962599988, 0.56262735244376871, 0.50225476307872785, 0.17779088995732042, 0.18273432040928103, 0.17798067135760567, 0.33876242420765995, 0.17746891344953714, 0.3388449175722692, 0.33801367179214437, 0.33850314701344186, 0.17866934617057054, 0.0057871010503661212, 0.33879521143393188, 0.33857729710158385, 0.16975386294386319, 0.1780032659541918, 0.33863165951840651, 0.17769707747132088, 0.17771388667056498, 0.17783744721657224, 0.37536600483554178, 0.1776876017213668, 0.17760075808154485, 0.16931058686941708, 0.13993378245418933, 0.33871642303102784, 0.028262520559451779, 0.33812991505622236, 0.33821073465256679, 0.17846145153875362, 0.33843199366262167, 0.33822549042252126, 0.17753322935980914, 0.33810513787680679, 0.17810310986047176, 0.3283366382741158, 0.17807915019277337, 0.17750384640688574, 0.33799243749518476, 0.17763766033931522, 0.3379716159123336, 0.33811729023618825, 0.17773177759261222, 0.33837633435245096, 0.25146429885252086, 0.33921080079237698, 0.33843665585960997, 0.024909358105188233, 0.17745008778326965, 0.31223016419048943, 0.33818262384498121, 0.17747941412308466, 0.33828764790376809, 0.1779161973079523, 0.005178776525915277, 0.042940787646300681, 0.1778596335821773, 0.17519268381363112, 0.3389013409260746, 0.076452717311568247, 0.17916724144302801, 0.17749104027550719, 0.34541231667407929, 0.33841580590389347, 0.33809285914414677, 0.17744174840632512, 0.33880466730323699, 0.17746379517628377, 0.18028620170370604, 0.1775414680935157, 0.17748526165713235, 0.27051491445867687, 0.33855230565523292, 0.17810211075867516, 0.1775893919686557, 0.17752531708655633, 0.1776515004384332, 0.17751792662644655, 0.33852775106767796, 0.33796144114219395, 0.17744592526393674, 0.37928242940786033, 0.34177775692600892, 0.33819659212458991, 0.17768098558724676, 0.33814271073391816, 0.30587084908130352, 0.54416719914567002, 0.33798189880903973, 0.036835635669998687, 0.33869644217124995, 0.1775502973318987, 0.33848055577869529, 0.17743418810325831, 0.062110851751909571, 0.17809925845842808, 0.17777060005134945, 0.17762477956175973, 0.3382403575115055, 0.33816907080411146, 0.17751060611559033, 0.1774740088804837, 0.59051866255770646, 0.33860633328191925, 0.33825573892792438, 0.17775027765489923, 0.33835742554406378, 0.33873341294903286, 0.31947920571592453, 0.3350263631609825, 0.3381556074333632, 0.27480445327224429, 0.33795116392563901, 0.13957761754570519, 0.33802447832751836, 0.33839581542617742, 0.34253213960118023, 0.17745911168840872, 0.1591503531019649, 0.047226814359049213, 0.17816632181152223, 0.13508772087594437, 0.33927403457602401, 0.17756890327979785, 0.33805786219179196, 0.33857523105784915, 0.33806949419360083, 0.33845804883875646, 0.33800287870232798, 0.046770705504209836, 0.17766588452072726, 0.17829274674409074, 0.35025273894580244, 0.17803006974324428, 0.1533954108652425, 0.17745446858293099, 0.27629315368738577, 0.079898833699146493, 0.33866109421712437, 0.33808112072152696, 0.17742718262264973, 0.32022011355840785, 0.15612334142878617, 0.15463405995401985, 0.15212488352479797, 0.15776300639792626, 0.31586998782690123, 0.31651425947548723, 0.35120499858187065, 0.15434319155229828, 0.15260976938042878, 0.31405878905563289, 0.15714884240070337, 0.32063723496868274, 0.22230250113854585, 0.16039330848226541, 0.31641686988801615, 0.31432141168152933, 0.1663883407784392, 0.31161572278741217, 0.31210376609055424, 0.15159160795949264, 0.31878556641007022, 0.31754149863419989, 0.15474339482666194, 0.15480841195755879, 0.3111012189416319, 0.30984558828866282, 0.14957172773924537, 0.15276421223413955, 0.16119606449457671, 0.32404627898522087, 0.31376674294133711, 0.15139211559013502, 0.31745281575704287, 0.15440900527151258, 0.31301334367145733, 0.32092121214179842, 0.31613138751802233, 0.3174258819112446, 0.31301215841750002, 0.15743793848088544, 0.31055704368211451, 0.22785981332523539, 0.15813048521584527, 0.15226568684162817, 0.31691471574088748, 0.32487932732130426, 0.31400755933386887, 0.31434504114240919, 0.30834309246897607, 0.31228021791281196, 0.3065451791718416, 0.3277584729506095, 0.1519745325727033, 0.18567719227962617, 0.15164109241379964, 0.19239302671758007, 0.27136461426534969, 0.31864361767049848, 0.27794711655505, 0.33226649873006814, 0.15488097484354191, 0.074276817492818351, 0.15674849881112701, 0.34390937151634354, 0.15552624649890573, 0.31870143822529656, 0.31462580672071488, 0.31112926489527831, 0.15301081285872364, 0.13733789137687655, 0.31680136615070459, 0.35399573763932063, 0.14127285763652359, 0.30912679284004374, 0.16222360774955369, 0.15902915644630508, 0.15444913595082255, 0.14917513828771536, 0.17207095181224116, 0.31268661289097566, 0.30090052611065699, 0.15238431489459903, 0.15025642921597068, 0.26172752024635498, 0.14780268498910804, 0.31860906816081214, 0.12847790612979842, 0.15226075561157504, 0.26702899871934621, 0.32601208641061924, 0.32126862976916393, 0.15431687585838508, 0.15271267937512728, 0.54539432827694734, 0.15973279572579691, 0.31660037093228971, 0.22979197727652723, 0.15566277152448582, 0.13570157563856342, 0.15280983496689809, 0.15854888814214557, 0.14873335745837293, 0.15630994306549417, 0.26458867546644643, 0.15293298341205325, 0.15540300006020624, 0.16368780772611291, 0.13137207701998171, 0.32339548508603799, 0.31749006835261523, 0.31760570216862927, 0.15595517966604053, 0.15529189932814219, 0.30522439049283767, 0.31889936545257969, 0.070796423423776025, 0.31307778198238628, 0.31669626199550549, 0.15437381261464536, 0.30351457643587254, 0.31490162639662073, 0.14385454708464873, 0.15117709707007432, 0.14714543905646146, 0.32040617669549709, 0.31627128374912544, 0.21252231731422117, 0.31051025745279703, 0.15510173477979916, 0.31256840629690175, 0.2058097625401232, 0.30862329518113341, 0.29695294435879166, 0.53416510765241043, 0.15250050150240171, 0.1546856086204213, 0.31743083848515247, 0.1504200621303681, 0.14836876894934614, 0.31345485394770056, 0.15285086020357336, 0.1506932917476764, 0.28620528195711237, 0.15181353607385939, 0.15519177481356816, 0.31462792441102766, 0.36142312767794793, 0.15651738295206799, 0.31798076075890525, 0.14534443352473714, 0.14635681852245175, 0.31335412981166061, 0.34188007864380704, 0.14993029634135235, 0.15094488662388786, 0.31368529440137449, 0.33975624826673978, 0.30765414052138262, 0.31381928820028637, 0.31599746139698393, 0.32169306268101355, 0.31411457063763393, 0.36948811645879065, 0.23352336941570348, 0.23058581445720139, 0.096755594586461408, 0.22575628908545173, 0.61004663145708149, 0.23016208446970993, 0.03315465213055676, 0.081210376331504505, 0.097013594336289949, 0.045368180540461836, 0.37159610566711992, 0.20966732906720403, 0.59040834175753643, 0.096918018832050853, 0.23033977016190457, 0.36840916632119686, 0.37266637000975356, 0.36746801153758885, 0.16352940268529481, 0.18686593308684862, 0.17898304020784944, 0.20277351906467231, 0.20274812769437306, 0.20598410705970183, 0.22978407965285241, 0.21568990608782904, 0.096771542569113356, 0.10788771955163926, 0.096717839081938442, 0.36769082126359498, 0.53890232362922497, 0.2299041854122659, 0.003104436384484442, 0.36920585596007804, 0.09469944887062863, 0.25868692650046904, 0.096553332814377668, 0.19107140557798113, 0.2308533940658013, 0.37134078298639983, 0.096702974370893716, 0.22997249800689781, 0.20096893761074688, 0.33919063560745061, 0.20702000250357441, 0.27096978485963735, 0.20248224274406154, 0.53950699050449347, 0.0079096978038596614, 0.11191139651433525, 0.20406891990239578, 0.23031129543310455, 0.041935049135808575, 0.20195253836900703, 0.36781541861755351, 0.096445273429983838, 0.10258526733957872, 0.041438972749134211, 0.20545455168811075, 0.052973887218182553, 0.20460194754482239, 0.026446837313563371, 0.24914773847121863, 0.096714628620148485, 0.37025862141469529, 0.22947671644137241, 0.09352864146245092, 0.20296224645415217, 0.11894042655696346, 0.33925252736771455, 0.2305308264930313, 0.2361893937501813, 0.23104527586498985, 0.22641405499762923, 0.0032080696040206816, 0.097641125696055889, 0.25096565669680676, 0.32045883169907735, 0.36887568507803498, 0.37009150131322577, 0.096925036299786438, 0.097167746489284959, 0.23050895638081739, 0.60582269774791175, 0.20391926680494252, 0.35385675457058835, 0.37996335194071984, 0.016053509866461813, 0.041145170066622112, 0.23087517215433992, 0.20841882442456597, 0.19822058899045589, 0.14828405626704386, 0.28182132815708394, 0.36526536668972337, 0.34192581884495088, 0.17601577444971289, 0.24404142350790561, 0.35490861902904391, 0.22880892068311834, 0.20397655355029465, 0.060811395939052645, 0.22922430647659081, 0.14744208494001915, 0.22747127477850254, 0.30589398324269612, 0.35909291728048487, 0.2294069364612881, 0.58406704454900438, 0.55043715168457708, 0.35368010438043967, 0.12736104454378008, 0.042629417163704247, 0.36703238027109969, 0.60505289311372878, 0.20144270523923194, 0.36464366772575918, 0.15222285924484788, 0.096802854358161342, 0.20003323570709752, 0.097246044958552463, 0.36648181442305977, 0.11711471724621779, 0.096335912253030384, 0.097118103593200236, 0.096997196114532211, 0.22993503942825591, 0.09699097604640633, 0.20453162817306147, 0.096571202074682658, 0.20468621496276149, 0.19103687101807881, 0.1515986238112563, 0.29491018972743399, 0.083760913502972545, 0.23021528999045673, 0.23194652246496003, 0.23081152556290119, 0.096649912463171145, 0.2307890606752234, 0.048863499237334351, 0.03435046868393269, 0.20440572099170931, 0.21876656635525979, 0.36778365895740428, 0.097443072580481474, 0.36846684886750847, 0.10017740637784918, 0.20215874735896583, 0.043446108356527062, 0.36852514500328615, 0.2050761569753122, 0.37001190550882229, 0.57081746913360076, 0.23372018338633205, 0.1930673126526046, 0.18234396096174388, 0.59904861957843525, 0.029165052072608728, 0.29265928656493306, 0.35344994485940645, 0.20013761738633834, 0.14603150123516195, 0.022422112881732219, 0.52798773525227649, 0.27784992133687642, 0.19362390528683596, 0.33449066678272377, 0.60925056565462732, 0.1885944657058404, 0.0753138687894752, 0.21760184135265601, 0.062302367409401607, 0.12956756960052621, 0.38750864406366375, 0.33171142616326382, 0.067805463343309252, 0.24394596457433679, 0.090155635583077348, 0.048776147631676418, 0.23105812986693022, 0.17359388028142195, 0.062003868272024344, 0.03450361931965755, 0.17410035015551814, 0.087951402812052076, 0.60831813959843317, 0.28041818258295115, 0.096929974067167607, 0.20879949543357815, 0.10245869276909927, 0.10442519913114122, 0.21564133546026404, 0.24572880650266882, 0.073040463593992119, 0.037599433586996127, 0.26204136436630487, 0.18450130754931265, 0.12651260464755848, 0.15180208074135113, 0.059558276818651577, 0.16928102393352451, 0.19397653986788604, 0.31661878652816933, 0.17100634118184344, 0.22100000701668071, 0.44966391728603788, 0.067889015402593955, 0.15352656581375243, 0.61371406554370977, 0.22035356547335297, 0.56204995569345562, 0.031732773507500374, 0.40438847362665786, 0.18307610691298284, 0.18645193577081667, 0.21063125287647277, 0.3893437884787842, 0.20474615228358206, 0.14042755513265043, 0.58857522730910672, 0.36452429688428806, 0.07532323743301228, 0.040547034908329546, 0.61543673119598452, 0.29963534639062284, 0.25149471501255211, 0.29695957460084516, 0.085464104331183594, 0.062161482607803138, 0.0042738830456575403, 0.22711530446670244, 0.1503349855351731, 0.069217101585728566, 0.37344629069756147, 0.1007943913292178, 0.24706253802004868, 0.085058885023823652, 0.13961205329455423, 0.41386670817822335, 0.090680790871675271, 0.65657867988074947, 0.62430419901799195, 0.4571276434980075, 0.10423602511612204, 0.20141050362877325, 0.21317825447124869, 0.337372258875553, 0.014094511541483633, 0.033566007755924741, 0.11665352138386517, 0.34148915540114816, 0.068797190895522636, 0.33866854653402667, 0.0010062333577856683, 0.55632202407663855, 0.25064405159231296, 0.02271709373198048, 0.25476309179843082, 0.035266365518783822, 0.058261895499831989, 0.15137837735355339, 0.2637117792128304, 0.1794228400502085, 0.13375245002545996, 0.14823488873097182, 0.15193800765678295, 0.37005839042942068, 0.073149853282791888, 0.0089610695068735834, 0.29575965226334056, 0.24091206711250815, 0.45335314388314918, 0.15979366372536405, 0.44873259229001372, 0.2106917395142055, 0.039312240864330175, 0.15893762270415954, 0.4963207052835315, 0.61226446829404935, 0.4012665571008272, 0.20028423125807288, 0.087996925692594763, 0.052666408819266167, 0.27600382254058409, 0.14485503118715845, 0.18417923958860771, 0.34566603896375031, 0.1942063512030944, 0.17476879995341685, 0.15532385778559432, 0.21199112646846613, 0.23455220002788074, 0.10554423711194792, 0.18687837906890351, 0.15481941841528438, 0.27329682645797332, 0.12971208456942274, 0.13655561011091694, 0.24752688225181149, 0.20239531837229044, 0.046326279426208886, 0.13428765458109429, 0.031309172349358809, 0.10807025409600535]]
2016_1_24-5.32.10 w swipe 
from wf=0.004200 to wf=0.003800 , steps=3.000000 . m= 0.020000
wfn= [ 0.0042  0.004   0.0038]
strobo_map= [[0, 420.0, 420.0, 420.0, 420.0, 420.0, 420.0, 420.0, 420.0, 420.0, 420.0, 420.0, 420.0, 420.0, 420.0, 420.0, 420.0, 420.0, 420.0, 420.0, 420.0, 420.0, 420.0, 420.0, 420.0, 420.0, 420.0, 420.0, 420.0, 420.0, 420.0, 420.0, 420.0, 420.0, 420.0, 420.0, 420.0, 420.0, 420.0, 420.0, 420.0, 420.0, 420.0, 420.0, 420.0, 420.0, 420.0, 420.0, 420.0, 420.0, 420.0, 420.0, 420.0, 420.0, 420.0, 420.0, 420.0, 420.0, 420.0, 420.0, 420.0, 420.0, 420.0, 420.0, 420.0, 420.0, 420.0, 420.0, 420.0, 420.0, 420.0, 420.0, 420.0, 420.0, 420.0, 420.0, 420.0, 420.0, 420.0, 420.0, 420.0, 420.0, 420.0, 420.0, 420.0, 420.0, 420.0, 420.0, 420.0, 420.0, 420.0, 420.0, 420.0, 420.0, 420.0, 420.0, 420.0, 420.0, 420.0, 420.0, 420.0, 420.0, 420.0, 420.0, 420.0, 420.0, 420.0, 420.0, 420.0, 420.0, 420.0, 420.0, 420.0, 420.0, 420.0, 420.0, 420.0, 420.0, 420.0, 420.0, 420.0, 420.0, 420.0, 420.0, 420.0, 420.0, 420.0, 420.0, 420.0, 420.0, 420.0, 420.0, 420.0, 420.0, 420.0, 420.0, 420.0, 420.0, 420.0, 420.0, 420.0, 420.0, 420.0, 420.0, 420.0, 420.0, 420.0, 420.0, 420.0, 420.0, 420.0, 420.0, 420.0, 420.0, 420.0, 420.0, 420.0, 420.0, 420.0, 420.0, 420.0, 420.0, 420.0, 420.0, 420.0, 420.0, 420.0, 420.0, 400.0, 400.0, 400.0, 400.0, 400.0, 400.0, 400.0, 400.0, 400.0, 400.0, 400.0, 400.0, 400.0, 400.0, 400.0, 400.0, 400.0, 400.0, 400.0, 400.0, 400.0, 400.0, 400.0, 400.0, 400.0, 400.0, 400.0, 400.0, 400.0, 400.0, 400.0, 400.0, 400.0, 400.0, 400.0, 400.0, 400.0, 400.0, 400.0, 400.0, 400.0, 400.0, 400.0, 400.0, 400.0, 400.0, 400.0, 400.0, 400.0, 400.0, 400.0, 400.0, 400.0, 400.0, 400.0, 400.0, 400.0, 400.0, 400.0, 400.0, 400.0, 400.0, 400.0, 400.0, 400.0, 400.0, 400.0, 400.0, 400.0, 400.0, 400.0, 400.0, 400.0, 400.0, 400.0, 400.0, 400.0, 400.0, 400.0, 400.0, 400.0, 400.0, 400.0, 400.0, 400.0, 400.0, 400.0, 400.0, 400.0, 400.0, 400.0, 400.0, 400.0, 400.0, 400.0, 400.0, 400.0, 400.0, 400.0, 400.0, 400.0, 400.0, 400.0, 400.0, 400.0, 400.0, 400.0, 400.0, 400.0, 400.0, 400.0, 400.0, 400.0, 400.0, 400.0, 400.0, 400.0, 400.0, 400.0, 400.0, 400.0, 400.0, 400.0, 400.0, 400.0, 400.0, 400.0, 400.0, 400.0, 400.0, 400.0, 400.0, 400.0, 400.0, 400.0, 400.0, 400.0, 400.0, 400.0, 400.0, 400.0, 400.0, 400.0, 400.0, 400.0, 400.0, 400.0, 400.0, 400.0, 400.0, 400.0, 400.0, 400.0, 400.0, 400.0, 400.0, 400.0, 400.0, 400.0, 400.0, 380.0, 380.0, 380.0, 380.0, 380.0, 380.0, 380.0, 380.0, 380.0, 380.0, 380.0, 380.0, 380.0, 380.0, 380.0, 380.0, 380.0, 380.0, 380.0, 380.0, 380.0, 380.0, 380.0, 380.0, 380.0, 380.0, 380.0, 380.0, 380.0, 380.0, 380.0, 380.0, 380.0, 380.0, 380.0, 380.0, 380.0, 380.0, 380.0, 380.0, 380.0, 380.0, 380.0, 380.0, 380.0, 380.0, 380.0, 380.0, 380.0, 380.0, 380.0, 380.0, 380.0, 380.0, 380.0, 380.0, 380.0, 380.0, 380.0, 380.0, 380.0, 380.0, 380.0, 380.0, 380.0, 380.0, 380.0, 380.0, 380.0, 380.0, 380.0, 380.0, 380.0, 380.0, 380.0, 380.0, 380.0, 380.0, 380.0, 380.0, 380.0, 380.0, 380.0, 380.0, 380.0, 380.0, 380.0, 380.0, 380.0, 380.0, 380.0, 380.0, 380.0, 380.0, 380.0, 380.0, 380.0, 380.0, 380.0, 380.0, 380.0, 380.0, 380.0, 380.0, 380.0, 380.0, 380.0, 380.0, 380.0, 380.0, 380.0, 380.0, 380.0, 380.0, 380.0, 380.0, 380.0, 380.0, 380.0, 380.0, 380.0, 380.0, 380.0, 380.0, 380.0, 380.0, 380.0, 380.0, 380.0, 380.0, 380.0, 380.0, 380.0, 380.0, 380.0, 380.0, 380.0, 380.0, 380.0, 380.0, 380.0, 380.0, 380.0, 380.0, 380.0, 380.0, 380.0, 380.0, 380.0, 380.0, 380.0], [0, 0.18143105513830615, 0.34086620856619437, 0.10693547161387837, 0.179253578956796, 0.18121707544841359, 0.59520439393207936, 0.33912944857145066, 0.28206205750161573, 0.17784194190848771, 0.33852054795202657, 0.34047175176834404, 0.17808114551471441, 0.18573058052863589, 0.33848787223594795, 0.34335876551647154, 0.34105397471627796, 0.33868016023433511, 0.33843256299154867, 0.36663688501461333, 0.18080115978248287, 0.17986506922877868, 0.34649135107014795, 0.17779295772226675, 0.34053075569691948, 0.17796552976282726, 0.33931721877367388, 0.51766255789473692, 0.1801614249881443, 0.3384565285701836, 0.18216521455245932, 0.18274105515214159, 0.19203353874028492, 0.34213259161724996, 0.18049104025750726, 0.34324600340504768, 0.34300222122884816, 0.010667127289282574, 0.17786833840043614, 0.3416625493255589, 0.35089519031455912, 0.17850012800248011, 0.34941353955148846, 0.17895980089026292, 0.35238531138610812, 0.33898648125632325, 0.34144392706485283, 0.33847788114945498, 0.34486940665137494, 0.17781670483176973, 0.063585885358390312, 0.33866265699969073, 0.33964720722535069, 0.0020260645911402047, 0.017122494445649845, 0.17960001906918696, 0.33928641320087627, 0.38541153955436869, 0.0011394155806521062, 0.34037093367765148, 0.3535505938846093, 0.1803211181029635, 0.34069148931344956, 4.0386226587050944e-05, 0.3385891156629679, 0.0046597297664704813, 0.15710630260779862, 0.17871113876754033, 0.2848102303729908, 0.33955054035586041, 0.20537855579410436, 0.17863699235909705, 0.34033529959363523, 0.17777026710285831, 0.048487818752494749, 0.18482645995751468, 0.1835201645911643, 0.18187442118690411, 0.33830624299828416, 0.1782680628829357, 0.33879452601553556, 0.35045203538894176, 0.3589232556472286, 0.33838862236418343, 0.3402069220056248, 0.17972902936553878, 0.18501034453967358, 0.20603850568083734, 0.17793101585646456, 0.33937007478569003, 0.1816826184391285, 0.33996659930765338, 0.34061326550771287, 0.35990554546795278, 0.32208985570336029, 0.18000862254914499, 0.1791503762256397, 0.34310383316652299, 0.34183544689967793, 0.17905256587042676, 0.33855397411478966, 0.34008390648303166, 0.33985514408239431, 0.17792574064670488, 0.34425504020654923, 0.3384259453476815, 0.18061498383032412, 0.34927530336532653, 0.33862526507392066, 0.347015692011863, 0.33945817188139249, 0.17795676629236307, 0.10554860954043362, 0.1781242951892579, 0.28511341209224877, 0.17800197936042839, 0.17947820769680195, 0.1844808255742475, 0.18066773841358516, 0.18397758444820839, 0.17804066396437374, 0.18608913939031818, 0.33834668443058263, 0.18192408728801196, 0.18394993033038143, 0.34200283513266444, 0.3392059474198052, 0.0023567264200563326, 0.86653120268391781, 4.3577106055525205e-06, 0.3385254988050585, 0.18490998433307543, 0.33855411904986477, 0.18100486724435824, 0.33862623760591337, 1.6653679154587648e-06, 0.34248897820001289, 0.21556888810266639, 0.18249957480779164, 0.33891949543788441, 0.33873591327628338, 0.18363987192307427, 0.17832120070537927, 0.17843740162684951, 0.15922515588239697, 0.33374093101234698, 0.17821740223801366, 0.17837779849453478, 0.34400163403176426, 0.29463718657271593, 0.34315989771551947, 0.17878954836959271, 0.18342845951728173, 0.34122954520397902, 0.17887258010061763, 0.34236596994032625, 0.18717377907865518, 0.17936278316792184, 0.33974861300336734, 0.23080324767915236, 0.33905639159639356, 0.17816948653124667, 0.17789637824404875, 0.3388558370327075, 0.18301361648035511, 0.33857476508706674, 0.351271746762986, 0.17856680346289447, 0.25981593222057242, 0.35515437568926322, 0.27170896781433479, 0.11470395421454319, 0.11444744981030662, 0.18842882129834757, 0.35486626705903701, 0.13593757389600522, 0.18816066043835497, 0.44015408195066835, 0.18834668756947409, 0.36596060703642164, 0.11440223684195007, 0.25943065630533996, 0.12967610921956021, 0.52524378225311086, 0.11434677559185404, 0.11382103292973424, 0.25965739656880044, 0.3549226662050477, 0.25960101125601159, 0.3549416217780425, 0.1897918067857603, 0.35495056473692022, 0.35478057307230593, 0.35518409668202489, 0.25907923663105337, 0.20809865985124948, 0.25945510485888518, 0.18837948816128924, 0.27726270832025585, 0.11435152559496153, 0.18836523168067776, 0.2594355587659144, 0.35512771670751475, 0.24081946656385617, 0.11441431110953114, 0.35468219183026495, 0.11438814501251568, 0.18820466011684486, 0.34250885131392639, 0.1882686758181438, 0.3549892002687754, 0.16182734117307032, 0.11435637664903386, 0.1056822319654051, 0.18838776762689396, 0.075969435905890059, 0.35475424212932277, 0.25961748095355736, 0.35479441742710549, 0.11432434764164635, 0.18808104438262138, 0.11436436502914667, 0.25862387551624438, 0.25959838073952501, 0.11444739471666202, 0.24852921534357134, 0.18836571784763897, 0.25948325859591981, 0.35496036309791035, 0.11434147790344544, 0.32101230172342182, 0.11434359443250759, 0.11435548571864777, 0.25968567998130965, 0.18835761392028225, 0.26466863244778072, 0.25944392885052575, 0.18838110143411099, 0.18838658381132858, 0.25995116876344104, 0.32278054431910858, 0.35633092660328608, 0.12173370912252811, 0.18840482669111258, 0.35502070057878754, 0.11434043971542894, 0.25943059055112977, 0.35489935063793293, 0.25962883639391759, 0.35509235167285169, 0.11437915415865713, 0.11433984501886114, 0.1884136531160811, 0.18840346102056804, 0.14285472417671871, 0.089012699298069028, 0.11442639153435859, 0.11437757535265372, 0.35469705794397838, 0.30086285926302681, 0.25961012730067101, 0.35498411577830224, 0.35493011419653453, 0.11532928340233611, 0.35474271748349562, 0.35468275587410775, 0.39627904943148473, 0.35502262239462257, 0.25944860198844805, 0.18771920370269438, 0.26007898268896917, 0.27864690287299737, 0.11446805841324061, 0.27268704018056461, 0.1144204648252598, 0.18842200684014015, 0.18941567650691657, 0.18839545291103485, 0.35488757305971302, 0.18833963816281205, 0.30646881391650593, 0.069475256108928546, 0.1143578219719147, 0.25932301609557884, 0.3548403707573366, 0.11437001150103238, 0.25946817160184671, 0.18821375274359886, 0.16593371566320514, 0.11447899929283996, 0.1882587551572891, 0.18836957856306188, 0.25943646542456611, 0.11456357349019973, 0.35507736384147937, 0.3548941399277768, 0.11436697318053475, 0.18839358269583448, 0.58206506573368189, 0.35505858788997996, 0.44951210668129188, 0.22436004017238531, 0.18821083675266148, 0.23646133330813363, 0.1143579741174091, 0.25960789545622043, 0.25187669667644874, 0.25933955611171722, 0.13543110357261823, 0.11449157842642672, 0.18785672703934073, 0.22981774168645897, 0.1143605677986573, 0.18830710208654836, 0.25981183020103404, 0.3541597053377788, 0.35483193635065341, 0.25960099037885792, 0.25930714007197764, 0.18832331651051787, 0.17849302047976598, 0.27528488204224916, 0.18829434903129094, 0.35512423295074402, 0.25951671435007279, 0.25962996350565171, 0.28883123298426966, 0.25949954897550565, 0.64402247077296204, 0.16091978714048086, 0.61414409517677226, 0.30352402190279515, 0.070200086876689161, 0.079677285114058222, 0.24594235701805739, 0.28208673600055661, 0.44253317643411505, 0.31982887654943537, 0.1861845301037004, 0.20294860091261441, 0.60018746426468328, 0.063428971092836642, 0.084047111918156572, 0.16568846136932727, 0.22314918686896723, 0.110935840320446, 0.022319861606056094, 0.028774701968159882, 0.22940493383302765, 0.39376308048334518, 0.2060954056067785, 0.163643034729544, 0.11099788987756469, 0.25385250432758732, 0.3693328682683269, 0.076540396536620342, 0.24494601396941013, 0.62417273289777109, 0.13462532731828178, 0.45618596049119176, 0.068945647322777082, 0.039451572399052316, 0.13608039675120454, 0.072656518953514493, 0.2542022712795986, 0.12360607208681992, 0.20496495027430886, 0.33031001622065675, 0.59638934384059372, 0.32477644204946304, 0.27300204376734455, 0.2759901600902615, 0.018437678115454447, 0.39653132970176447, 0.084945181449987681, 0.22010548887599829, 0.23943074543495549, 0.2415740691230466, 0.087027172392386457, 0.180969795312166, 0.019155482658663042, 0.27377287889172353, 0.20513868834355806, 0.11271901107954749, 0.11336539388703636, 0.06651566657080682, 0.31615107275160786, 0.19594099670737625, 0.25169616072383899, 0.12594791855596776, 0.10506923333847287, 0.29982763076218583, 0.07121665673243123, 0.27325826516729429, 0.16223046075051684, 0.24374535591972502, 0.19962057408418682, 0.18221846175011158, 0.093689367083381575, 0.061624161976682891, 0.3707177049971474, 0.26199859564076461, 0.1207083023342547, 0.59875214682624434, 0.070411519102599782, 0.57015741832386979, 0.088023351016954368, 0.28992039638278333, 0.19648626014701334, 0.10742820979696074, 0.10118813994433079, 0.27020389626326707, 0.25756902314324764, 0.03870489553376362, 0.24337980603549775, 0.040067326490915912, 0.0283341824236676, 0.25982255899254947, 0.11831794989724442, 0.28910727635910849, 0.19487950897262155, 0.199587620870503, 0.59623590264627302, 0.13799355233134125, 0.36747320155022112, 0.077362794988559788, 0.19233397513211281, 0.51699963725563414, 0.18764696416246893, 0.21832720350378415, 0.41499741710572047, 0.2307955986935625, 0.077885677330428518, 0.14997897534242607, 0.20781288575338155, 0.068572392512786212, 0.071769436735565975, 0.41058536790754713, 0.20778016514235317, 0.2444236714111008, 0.16988335478905184, 0.13008724099791949, 0.27640172799582574, 0.19050489418878067, 0.10104822405284596, 0.34762117448384089, 0.093021773520844508, 0.61560720904207911, 0.14856778311235855, 0.065111452112313187, 0.19288252589022711, 0.41947827527176074, 0.25172231417484298, 0.57099409820292157, 0.022177538526607112, 0.19773476389043776, 0.093585099479295136, 0.16223958988349871, 0.15286385195238847, 0.097559716300318802, 0.40711353640387871, 0.071148004546267615, 0.19007859512089301, 0.097173627754163175, 0.034862740301628455, 0.20092194701351815, 0.20732932725028003, 0.14925479360503377, 0.53034851918451908, 0.030641456345558211, 0.12073915980467571, 0.51726649971126859, 0.15692656965379251, 0.059106245031077302, 0.15801173273267227, 0.40782002557750824, 0.020128421333853411, 0.021884791481025231, 0.39216935618424809]]
2016_1_26-11.5.53 w swipe 
from wf=0.004200 to wf=0.003800 , steps=3.000000 . m= 0.020000
wfn= [ 0.0042  0.004   0.0038]
strobo_map_w= [   0.  420.  420. ...,  380.  380.  380.]
strobo_map_max= [ 0.          0.17724733  0.17724988 ...,  0.63435196  0.64202221
  0.64627766]
2016_1_26-11.14.20 w swipe 
from wf=0.004200 to wf=0.003800 , steps=3.000000 . m= 0.020000
wfn= [0.0042000000000000006, 0.0040000000000000001, 0.0038]
strobo_map= [[0, 420.00000000000006, 420.00000000000006, 420.00000000000006, 420.00000000000006, 420.00000000000006, 420.00000000000006, 420.00000000000006, 420.00000000000006, 420.00000000000006, 420.00000000000006, 420.00000000000006, 420.00000000000006, 420.00000000000006, 420.00000000000006, 420.00000000000006, 420.00000000000006, 420.00000000000006, 420.00000000000006, 420.00000000000006, 420.00000000000006, 420.00000000000006, 420.00000000000006, 420.00000000000006, 420.00000000000006, 420.00000000000006, 420.00000000000006, 420.00000000000006, 420.00000000000006, 420.00000000000006, 420.00000000000006, 420.00000000000006, 420.00000000000006, 420.00000000000006, 420.00000000000006, 420.00000000000006, 420.00000000000006, 420.00000000000006, 420.00000000000006, 420.00000000000006, 420.00000000000006, 420.00000000000006, 420.00000000000006, 420.00000000000006, 420.00000000000006, 420.00000000000006, 420.00000000000006, 420.00000000000006, 420.00000000000006, 420.00000000000006, 420.00000000000006, 420.00000000000006, 420.00000000000006, 420.00000000000006, 420.00000000000006, 420.00000000000006, 420.00000000000006, 420.00000000000006, 420.00000000000006, 420.00000000000006, 420.00000000000006, 420.00000000000006, 420.00000000000006, 420.00000000000006, 420.00000000000006, 420.00000000000006, 420.00000000000006, 420.00000000000006, 420.00000000000006, 420.00000000000006, 420.00000000000006, 420.00000000000006, 420.00000000000006, 420.00000000000006, 420.00000000000006, 420.00000000000006, 420.00000000000006, 420.00000000000006, 420.00000000000006, 420.00000000000006, 420.00000000000006, 420.00000000000006, 420.00000000000006, 420.00000000000006, 420.00000000000006, 420.00000000000006, 420.00000000000006, 420.00000000000006, 420.00000000000006, 420.00000000000006, 420.00000000000006, 420.00000000000006, 420.00000000000006, 420.00000000000006, 420.00000000000006, 420.00000000000006, 420.00000000000006, 420.00000000000006, 420.00000000000006, 420.00000000000006, 420.00000000000006, 420.00000000000006, 420.00000000000006, 420.00000000000006, 420.00000000000006, 420.00000000000006, 420.00000000000006, 420.00000000000006, 420.00000000000006, 420.00000000000006, 420.00000000000006, 420.00000000000006, 420.00000000000006, 420.00000000000006, 420.00000000000006, 420.00000000000006, 420.00000000000006, 420.00000000000006, 420.00000000000006, 420.00000000000006, 420.00000000000006, 420.00000000000006, 420.00000000000006, 420.00000000000006, 420.00000000000006, 420.00000000000006, 420.00000000000006, 420.00000000000006, 420.00000000000006, 420.00000000000006, 420.00000000000006, 420.00000000000006, 420.00000000000006, 420.00000000000006, 420.00000000000006, 420.00000000000006, 420.00000000000006, 420.00000000000006, 420.00000000000006, 420.00000000000006, 420.00000000000006, 420.00000000000006, 420.00000000000006, 420.00000000000006, 420.00000000000006, 420.00000000000006, 420.00000000000006, 420.00000000000006, 420.00000000000006, 420.00000000000006, 420.00000000000006, 420.00000000000006, 420.00000000000006, 420.00000000000006, 420.00000000000006, 420.00000000000006, 420.00000000000006, 420.00000000000006, 420.00000000000006, 420.00000000000006, 420.00000000000006, 420.00000000000006, 420.00000000000006, 420.00000000000006, 420.00000000000006, 420.00000000000006, 420.00000000000006, 420.00000000000006, 400.0, 400.0, 400.0, 400.0, 400.0, 400.0, 400.0, 400.0, 400.0, 400.0, 400.0, 400.0, 400.0, 400.0, 400.0, 400.0, 400.0, 400.0, 400.0, 400.0, 400.0, 400.0, 400.0, 400.0, 400.0, 400.0, 400.0, 400.0, 400.0, 400.0, 400.0, 400.0, 400.0, 400.0, 400.0, 400.0, 400.0, 400.0, 400.0, 400.0, 400.0, 400.0, 400.0, 400.0, 400.0, 400.0, 400.0, 400.0, 400.0, 400.0, 400.0, 400.0, 400.0, 400.0, 400.0, 400.0, 400.0, 400.0, 400.0, 400.0, 400.0, 400.0, 400.0, 400.0, 400.0, 400.0, 400.0, 400.0, 400.0, 400.0, 400.0, 400.0, 400.0, 400.0, 400.0, 400.0, 400.0, 400.0, 400.0, 400.0, 400.0, 400.0, 400.0, 400.0, 400.0, 400.0, 400.0, 400.0, 400.0, 400.0, 400.0, 400.0, 400.0, 400.0, 400.0, 400.0, 400.0, 400.0, 400.0, 400.0, 400.0, 400.0, 400.0, 400.0, 400.0, 400.0, 400.0, 400.0, 400.0, 400.0, 400.0, 400.0, 400.0, 400.0, 400.0, 400.0, 400.0, 400.0, 400.0, 400.0, 400.0, 400.0, 400.0, 400.0, 400.0, 400.0, 400.0, 400.0, 400.0, 400.0, 400.0, 400.0, 400.0, 400.0, 400.0, 400.0, 400.0, 400.0, 400.0, 400.0, 400.0, 400.0, 400.0, 400.0, 400.0, 400.0, 400.0, 400.0, 400.0, 400.0, 400.0, 400.0, 400.0, 400.0, 400.0, 400.0, 400.0, 400.0, 400.0, 400.0, 380.0, 380.0, 380.0, 380.0, 380.0, 380.0, 380.0, 380.0, 380.0, 380.0, 380.0, 380.0, 380.0, 380.0, 380.0, 380.0, 380.0, 380.0, 380.0, 380.0, 380.0, 380.0, 380.0, 380.0, 380.0, 380.0, 380.0, 380.0, 380.0, 380.0, 380.0, 380.0, 380.0, 380.0, 380.0, 380.0, 380.0, 380.0, 380.0, 380.0, 380.0, 380.0, 380.0, 380.0, 380.0, 380.0, 380.0, 380.0, 380.0, 380.0, 380.0, 380.0, 380.0, 380.0, 380.0, 380.0, 380.0, 380.0, 380.0, 380.0, 380.0, 380.0, 380.0, 380.0, 380.0, 380.0, 380.0, 380.0, 380.0, 380.0, 380.0, 380.0, 380.0, 380.0, 380.0, 380.0, 380.0, 380.0, 380.0, 380.0, 380.0, 380.0, 380.0, 380.0, 380.0, 380.0, 380.0, 380.0, 380.0, 380.0, 380.0, 380.0, 380.0, 380.0, 380.0, 380.0, 380.0, 380.0, 380.0, 380.0, 380.0, 380.0, 380.0, 380.0, 380.0, 380.0, 380.0, 380.0, 380.0, 380.0, 380.0, 380.0, 380.0, 380.0, 380.0, 380.0, 380.0, 380.0, 380.0, 380.0, 380.0, 380.0, 380.0, 380.0, 380.0, 380.0, 380.0, 380.0, 380.0, 380.0, 380.0, 380.0, 380.0, 380.0, 380.0, 380.0, 380.0, 380.0, 380.0, 380.0, 380.0, 380.0, 380.0, 380.0, 380.0, 380.0, 380.0, 380.0, 380.0, 380.0, 380.0], [0, 0.1774387956842364, 0.33814632945094814, 0.17748087771879925, 0.17747712349648709, 0.17745232831118335, 0.33827114657515767, 0.33756459427226337, 0.33843780287909697, 0.17744499921925277, 0.33749819843525858, 0.33835443055353354, 0.33847953047029783, 0.17742878785114993, 0.17748457803956716, 0.33838774022275109, 0.1773285934950081, 0.33758962402161236, 0.17734224338363769, 0.17733234925983357, 0.17733711788220474, 0.33860458559597356, 0.17748344800179325, 0.17746228859292532, 0.33842958808520129, 0.17741896290724993, 0.33747319706511697, 0.3382295574669491, 0.33750643468168523, 0.17733855148119765, 0.17732353132256104, 0.1774636025101306, 0.33757307609789355, 0.17732245973775707, 0.17732114851984643, 0.33744824354844438, 0.33833782315751226, 0.33859625107865782, 0.33855452613372827, 0.33842113451043632, 0.33844628776224728, 0.33832111848964941, 0.17747224841130221, 0.17734091735033453, 0.17743755818839327, 0.33857956653280075, 0.17742760558466159, 0.33761456860967326, 0.17733343164187429, 0.17748220491166763, 0.33834627737937928, 0.17746855606163683, 0.3382545572066063, 0.17744988160272229, 0.33817962633791948, 0.17745121261169927, 0.33748165666479252, 0.33846286862282615, 0.33744005430593144, 0.17747964580264503, 0.17746611580690982, 0.3385129404545929, 0.33755628609282312, 0.33817128745618907, 0.33837966555759141, 0.1774239165756446, 0.1773162111447571, 0.17731984715505644, 0.33759789472319351, 0.3384961371855596, 0.17745868779479984, 0.33848791290874936, 0.17749085566460129, 0.33836298294381545, 0.33853786363005284, 0.1774474048876879, 0.17744251739729069, 0.33857116009477123, 0.17744877630726749, 0.33812973047867328, 0.17742016369404598, 0.17732605060024861, 0.17745374095039812, 0.1773297467395018, 0.33745670737883798, 0.33819621636604841, 0.33830457827121818, 0.17742511599360286, 0.17742142114053663, 0.33815461479403969, 0.33823794295146703, 0.1774398992981098, 0.17745626489471447, 0.17748841790337225, 0.17733475722254155, 0.17732736685573694, 0.3382212572323382, 0.33832961970914532, 0.17743012870932601, 0.17732486527091434, 0.1773434026264534, 0.17747852646276074, 0.17744616132539903, 0.1774263727272033, 0.17747477190981822, 0.33752317239554774, 0.17742261838432982, 0.33751482901926272, 0.17746475940930326, 0.33827955872856436, 0.33824618107002929, 0.33753140301624635, 0.17745725198537404, 0.17746106852433355, 0.17746720797681856, 0.33762284315527574, 0.17743506714348017, 0.3386128884167568, 0.33826300043491547, 0.17749212472128073, 0.33831285894946656, 0.3383962791899342, 0.33856293461072501, 0.17746977487035961, 0.33760616161062768, 0.17744128477665194, 0.1774859206798638, 0.3384044723669985, 0.33746490287063463, 0.17731873914547813, 0.33850452795308245, 0.17743256830329496, 0.17733101854820077, 0.338212944357554, 0.33818798831650548, 0.33753965168540712, 0.33854613603367589, 0.17745976402819968, 0.17743622480851068, 0.17745476022098614, 0.33748982514381654, 0.3384711562319393, 0.17743133007528883, 0.33862124214238376, 0.33852110643644967, 0.33816300240328279, 0.17748963063785367, 0.17731737353821819, 0.33845447099319387, 0.33812128161648358, 0.1774337825924974, 0.33828793806263907, 0.17733967514651708, 0.17744367790980692, 0.1774734210441711, 0.17733609209353984, 0.33813797578360577, 0.33841287259539554, 0.33837103077171798, 0.33758115116573367, 0.33858787927764905, 0.33754813233945813, 0.33820461820392139, 0.17747103996234137, 0.33852958364202312, 0.17748713450103795, 0.17747598857760841, 0.33829617461859907, 0.35536408572660472, 0.25968086898053661, 0.11435768095373817, 0.3555046128349148, 0.35481083775552769, 0.35476231990186169, 0.25908399051182956, 0.3547144539385641, 0.35448608896127948, 0.18848710775953229, 0.11432680658988181, 0.11433360160679068, 0.25971979021865954, 0.3549509262532799, 0.18840039194146974, 0.25923229125925346, 0.11436099075127804, 0.11430614242038926, 0.35513557366024995, 0.35527171236437122, 0.11436131981459503, 0.25942267562931742, 0.11434376650379728, 0.18838698591945974, 0.18840647720066339, 0.11435410869630702, 0.11435062199519098, 0.1884600027455314, 0.25938403977266572, 0.25975861331253064, 0.11431286338216934, 0.11433014373534782, 0.11437488212159688, 0.18835396802623131, 0.11429891615042288, 0.18846650229101666, 0.35457411038973702, 0.18834663759760159, 0.35485470751473058, 0.18837375681330243, 0.25930961457343149, 0.35504320317983956, 0.18845309371276964, 0.35499492450127623, 0.18837317110153282, 0.3551794629156671, 0.11434406899603751, 0.18836011330578167, 0.11429570049785781, 0.25949350744123179, 0.11431611520519286, 0.18838639943673036, 0.25934521293535928, 0.18838008229579589, 0.18847998001476421, 0.11429245299159223, 0.11437464787853076, 0.18843980704911434, 0.35508734696622496, 0.18834056689675457, 0.25964538803119747, 0.25915818059251716, 0.2590099452644582, 0.11436782485626776, 0.25916152027668854, 0.35559718858530531, 0.18849348597041946, 0.11429215798199784, 0.1143025292261946, 0.18840709006125544, 0.11437137272296001, 0.25897126791949032, 0.18844672802809059, 0.11432339138946464, 0.35522776472462081, 0.11432649152455149, 0.25919681708433817, 0.25923556070556103, 0.11433692276988476, 0.18843296191322831, 0.35480648353063099, 0.35494679330705847, 0.25941938332275744, 0.1143681264323458, 0.25979393990230798, 0.18845371936233718, 0.1884402951581616, 0.11431647949637749, 0.25945812972209636, 0.25904864678753553, 0.11430935726237057, 0.18834004163634441, 0.18843379983576555, 0.1884997823221671, 0.25994593683844058, 0.11431978851034373, 0.11428888365737395, 0.35518355332599555, 0.188353097301171, 0.35448188845555639, 0.18850646054843725, 0.35527594236086518, 0.3545301696184614, 0.35536844985785065, 0.25983293339125274, 0.2598715573642903, 0.35532005251968368, 0.2590453201956438, 0.25949688566369145, 0.2592709854799562, 0.11435749182586795, 0.25994285155091229, 0.11428567611647911, 0.25911947346111097, 0.18850026225590863, 0.35513111341673043, 0.259684206491966, 0.25930639599974364, 0.25960990373091747, 0.35555288091790288, 0.35462197589499422, 0.35471853557589311, 0.1143508775908153, 0.35490283423139612, 0.25897460708238246, 0.18841354613947411, 0.35457811007791645, 0.35564527575486693, 0.11434736277930529, 0.35546050335399193, 0.18839342221780511, 0.35541222387701826, 0.25979731141051643, 0.18848644711301263, 0.1884732150499065, 0.25986836442333938, 0.18842040356965037, 0.35560129457615447, 0.25953243664348991, 0.25912259524510101, 0.1884267263168635, 0.18836700267566217, 0.35503898781672016, 0.35467004931636109, 0.11429920485100628, 0.25960658778838563, 0.18846702023113632, 0.18839952261808102, 0.11430963636910832, 0.11433335925194789, 0.35443780691794502, 0.18841969653755483, 0.35541629203385394, 0.18833334580748798, 0.11436454435258069, 0.35550879999418605, 0.11434049670757436, 0.2595713099238664, 0.11428534973078834, 0.25990712625677276, 0.20966470379567073, 0.065668265205698059, 0.32938564197053855, 0.18096692403124837, 0.62042094131801451, 0.33652091482153929, 0.20901316689427779, 0.071588428522211242, 0.14494783064631192, 0.27796686597615089, 0.085233303289486126, 0.22501594351702611, 0.11889356660263177, 0.16121531134507708, 0.20483965309451324, 0.23899663157391624, 0.22965682227047665, 0.30407060607241737, 0.11804703247756436, 0.292560222440371, 0.22043980003172847, 0.21345860623048704, 0.60081843011390834, 0.1036028017507012, 0.024030366335502006, 0.60883478631701582, 0.10124835939363225, 0.44144668565860223, 0.20067049440309387, 0.077742613357618923, 0.1749950787280353, 0.021829308875349927, 0.10350859901277878, 0.62056881366338412, 0.16651600484566764, 0.21058350091167413, 0.24599565763725503, 0.2539633852828071, 0.16239787878236095, 0.53362686590599295, 0.58258636117881246, 0.16631843502841284, 0.14316423640967485, 0.3450489430297477, 0.52798517438620296, 0.17501022748993428, 0.10709400547570511, 0.16554703388579722, 0.16426863383360271, 0.083914445619276704, 0.16531219230570229, 0.079099755384688192, 0.18305077377729426, 0.56399163585890377, 0.077917020835014644, 0.31779079237356678, 0.05396856946987421, 0.30521004100470028, 0.4376991870080098, 0.33335578218259659, 0.14195552054029065, 0.61451636122268782, 0.039931676312824946, 0.63627468028150103, 0.22161434538451566, 0.0439806051568652, 0.19958629959382468, 0.50375973318670697, 0.12647107039422723, 0.02331666997329112, 0.58695256271643936, 0.28206854862654279, 0.27323752463631223, 0.07537187633621098, 0.09947878690292887, 0.18506639715971529, 0.21518591174799392, 0.023957822647025562, 0.023286242307346803, 0.18829360848145421, 0.16426298287835073, 0.22428402616212301, 0.11910288207698366, 0.21602234604087617, 0.29271943276566137, 0.10361987918941232, 0.097846227409037409, 0.1504766104695929, 0.14155397433766317, 0.26946253827930433, 0.24126008785483907, 0.26492591504726876, 0.28687806388052289, 0.26899822188347083, 0.27129538651242241, 0.063477207974435707, 0.35693558035448114, 0.29270765522627423, 0.2135442896919624, 0.081277778168761652, 0.39095612658196821, 0.41133805429657105, 0.19895545821812965, 0.11840670405165314, 0.61913111627645712, 0.15844504309414975, 0.075147560745280076, 0.63571947088352854, 0.18632964639426222, 0.51646083261185027, 0.43158158530753565, 0.051655735702664324, 0.40945205116655997, 0.034071066369493593, 0.070130102554169696, 0.53402561232026646, 0.1331293448100537, 0.44240233640812215, 0.065470450524213269, 0.23621724832719013, 0.30910036436278415, 0.021270348106654059, 0.10291337367209985, 0.019498831060531054, 0.047494152725516679, 0.15673922423361353, 0.10187119436151282, 0.43533434156666917, 0.068851883595340974, 0.13334589300780325, 0.043989224358775246, 0.034065885554448935, 0.066117909058643842, 0.07199108257861643, 0.12639144948636988, 0.021793178472472169, 0.25763462899202044, 0.03440764426573352, 0.26065456733892228, 0.58280132667900175, 0.17522030782491396, 0.19971686336858011, 0.18025135759346328, 0.25373839884024302, 0.15021145144217385, 0.035936668226004199, 0.1993131631264777, 0.10015828901733083, 0.29241800251002609, 0.075206816134478632, 0.19260189926817156]]
2016_1_26-11.18.58 w swipe 
from wf=0.004200 to wf=0.003800 , steps=3.000000 . m= 0.020000
wfn= [ 0.0042  0.004   0.0038]
strobo_map_w= [   0.  420.  420. ...,  380.  380.  380.]
strobo_map_max= [ 0.          0.17724733  0.17724988 ...,  0.63435196  0.64202221
  0.64627766]
